1033
1956
1841
1796
664
37
1009
694
1656
1100
1791
1581
1563
187
1657
1948
1491
1222
1486
1556
1797
1778
1565
1105
816
1866
766
947
1605
179
10
1709
1853
770
214
1711
1376
433
1689
183
1134
1144
809
1155
812
16
491
361
233
1535
829
822
59
1696
1595
1149
305
139
992
703
1361
1973
1603
92
1586
1806
533
51
535
1117
1433
209
1056
536
1728
679
955
1349
1738
105
1080
74
214
27
1957
1367
1378
721
1897
1891
1567
1390
330
1313
586
883
1782
1352
1138
1375
1814
1583
1288
66
1535
558
1280
370
1478
1173
1094
1717
723
1241
3
104
476
1244
885
50
989
512
136
1914
1060
1173
111
801
1839
266
1985
291
1567
1175
198
932
1282
1662
653
1480
1068
1258
27
412
437
461
1719
503
1630
1487
1348
1889
1853
1092
932
1634
1679
1207
1489
1861
526
1424
1551
1835
899
881
1361
1035
1943
911
1905
777
1865
113
47
37
873
1037
847
866
505
434
1459
1029
1894
654
467
289
1579
1647
129
1672
299
1056
1688
1217
1333
154
798
413